-33
36
-13
22
0000000000000000000000000000000000000000000000000000000000000000000000
0000000000000000000000000000000000000000000000000000000000000000000000
0000000000000000000000000000000000000000000000000000000000000000000000
0000000000000000000000000000000000000000000000000000000000000000000000
0000000000000000000000000000000000000000000000000000000000000000000000
0000000000000000000000000000000000000000000000000000000000000000000000
0000000000000000000000000000000000000000000000000000000000000000000000
0000000000000000000000000000000000000000000000000000000000000000000000
0000000000000000000000000000000000000000000000000000000000000000000000
0000000000000000000000000000000000000000000000000000000000000000000000
0000000000000000000000000000000000000000000000000000000000000000000000
0000000000000000000000000000000000000000000000000000000000000000000000
0000000000000000000000000000000000000000000000000000000000000000000000
0000000000000000000000000000000000000000000000000000000000000000000000
0000000000000000000000000000000000000000000000000000000000000000000000
0000000000000000000000000000000000000000000000000000000000000000000000
0000000000000000000000000000000000000000000000000000000000000000000000
0000000000000000000000000000000000000000000000000000000000000000000000
0000000000000000000000000111111111110000000000000000000000000000000000
0000000000000000000000000111111111111111111111000000000000000000000000
0000000000000000000000000111111111111111111111000000000000000000000000
0000000000000000000000000111111111111111111111000000000000000000000000
0000000000000000000000000100000000011111111111000000000000000000000000
0000000000000000000000000100000000000000000001000000000000000000000000
0000000000000000000000000100000000000000000001000000000000000000000000
0000000000000000000000000100000000000000000001000000000000000000000000
0000000000000000000000000100000000000000000001000000000000000000000000
0000000000000000000000000100000000000000000001000000000000000000000000
0000000000000000000000000111100111110000000001000000000000000000000000
0000000000000000000000000000100100011111111111000000000000000000000000
0000000000000000000000000000111100000000000000000000000000000000000000
0000000000000000000000000000000000000000000000000000000000000000000000
0000000000000000000000000000000000000000000000000000000000000000000000
0000000000000000000000000000000000000000000000000000000000000000000000
0000000000000000000000000000000000000000000000000000000000000000000000
0000000000000000000000000000000000000000000000000000000000000000000000
